Model Evaluation Metrics
============================================================

accuracy: 0.7908163265306123
precision_macro: 0.8098481389234814
recall_macro: 0.7891699282452707
f1_macro: 0.7965740593075712
precision_weighted: 0.8039703153988869
recall_weighted: 0.7908163265306123
f1_weighted: 0.7948533086458188
precision_per_class: [0.92, 0.821917808219178, 0.6111111111111112, 0.8863636363636364]
recall_per_class: [0.8214285714285714, 0.821917808219178, 0.7333333333333333, 0.78]
f1_per_class: [0.8679245283018868, 0.821917808219178, 0.6666666666666666, 0.8297872340425532]
mse: 0.2653061224489796
mae: 0.22448979591836735
rmse: 0.5150787536377128
log_loss: 0.4655148213696213

Confusion Matrix:
23 4 0 1
2 60 10 1
0 9 33 3
0 0 11 39
