Model Evaluation Metrics
============================================================

accuracy: 0.9025
precision_macro: 0.902874726248135
recall_macro: 0.9025
f1_macro: 0.9026311485119861
precision_weighted: 0.9028747262481351
recall_weighted: 0.9025
f1_weighted: 0.9026311485119862
precision_per_class: [0.9603960396039604, 0.8585858585858586, 0.8333333333333334, 0.9591836734693877]
recall_per_class: [0.97, 0.85, 0.85, 0.94]
f1_per_class: [0.9651741293532339, 0.8542713567839196, 0.8415841584158416, 0.9494949494949495]
mse: 0.0975
mae: 0.0975
rmse: 0.3122498999199199
log_loss: 0.4375325676415244

Confusion Matrix:
97 3 0 0
4 85 11 0
0 11 85 4
0 0 6 94
